image_width: 640
image_height: 480
camera_name: my_usb_cam
camera_matrix:
  rows: 3
  cols: 3
  data: [640, 0.0, 480, 0.0, 640, 480, 0.0, 0.0, 1.0]
distortion_model: plumb_bob
distortion_coefficients:
  rows: 1
  cols: 5
  data: [0.025751483065329935, -0.10530741936574876,-0.0024821434601277623, -0.0031632353637182972, 0.0000]
rectification_matrix:
  rows: 3
  cols: 3
  data: [1, 0, 0, 0, 1, 0, 0, 0, 1]
projection_matrix:
  rows: 3
  cols: 4
  data: [640, 0.0, 480, 0.0, 0.0, 640, 480, 0.0, 0.0, 0.0, 1.0, 0.0]

